   1    2   14.5024      1.0534
   1    3   12.7995      1.0829
   1    4   14.9625      1.0353
   1    5    5.9203      1.2365
   1    6   16.4503      0.8092
   1    7    8.2167      1.0883
   1    8   16.5425      1.0702
   1    9   14.9135      1.0142
   1   10   11.9339      0.9321
   1   11   23.0657      1.0173
   1   12   19.8955      0.9895
   1   13   16.9179      1.0074
   1   14   11.5469      0.9569
   1   15   19.6157      0.8862
   1   16   26.4786      0.3068
   1   17   29.5660      0.0802
   1   18   34.2411      0.0747
   1   19   37.0580      0.0646
   1   20   40.3859      0.0423
   1   21   21.7022      0.3744
   1   22   21.7749      0.9213
   1   23   15.4058      1.0294
   1   24   27.2137      0.7926
   1   25   21.5355      0.9456
   1   26   26.1487      0.9385
   1   27   27.4535      0.8190
   1   28   32.6277      0.3637
   1   29   31.2089      0.7715
   1   30   30.5496      0.9196
   1   31   23.3079      0.9448
   1   32   22.1437      0.9824
   1   33   29.7190      0.8355
   1   34   41.5114      0.7452
   1   35   34.8688      0.8535
   1   36   35.1075      0.8460
   1   37   28.6722      0.9521
   1   38   26.6624      0.8717
   1   39   19.6347      0.9796
   1   40   27.7051      0.6896
   2    3    8.8940      0.9719
   2    4   18.8353      1.0214
   2    5   12.3278      1.0773
   2    6   23.1469      0.9432
   2    7   21.8292      0.8556
   2    8   17.8866      1.0555
   2    9   26.4633      0.9909
   2   10   22.3740      0.9859
   2   11   17.6696      1.0687
   2   12   24.5136      0.9919
   2   13    9.7500      1.1945
   2   14   18.7067      0.9917
   2   15   31.7155      0.9235
   2   16   38.6452      0.4267
   2   17   41.7408      0.0978
   2   18   46.0772      0.0795
   2   19   48.8213      0.0561
   2   20   52.4376      0.0378
   2   21   23.1912      0.3161
   2   22   22.3852      0.8144
   2   23   17.3072      0.9968
   2   24   22.1351      0.6461
   2   25   14.6087      0.8911
   2   26   20.6471      0.8759
   2   27   28.6328      0.9117
   2   28   37.3260      0.5474
   2   29   32.3180      0.8611
   2   30   27.0132      0.8365
   2   31   24.3361      0.9364
   2   32   20.2331      0.9807
   2   33   30.2307      0.9003
   2   34   38.4737      0.6708
   2   35   29.7200      0.6919
   2   36   33.4758      0.8329
   2   37   26.2820      0.8894
   2   38   25.0793      0.8364
   2   39   16.1079      0.9507
   2   40   20.5489      0.4881
   3    4   22.3608      1.0296
   3    5    7.5348      1.1672
   3    6   15.9108      0.9223
   3    7   17.8161      0.7670
   3    8   17.6324      1.0401
   3    9   23.6433      0.9050
   3   10   22.7908      0.9756
   3   11   21.2949      1.0218
   3   12   26.8245      1.0079
   3   13   17.1114      1.0547
   3   14   21.9246      1.0051
   3   15   32.3205      0.8823
   3   16   39.2091      0.3131
   3   17   42.0101      0.0742
   3   18   46.5107      0.0677
   3   19   49.2583      0.0631
   3   20   52.6342      0.0433
   3   21   14.6073      0.3349
   3   22   13.8482      0.8552
   3   23   11.6689      1.0340
   3   24   15.5660      0.7299
   3   25   11.6341      0.8869
   3   26   19.3090      0.8865
   3   27   22.3475      0.9048
   3   28   30.6623      0.6130
   3   29   26.5156      0.8659
   3   30   20.9447      0.8758
   3   31   17.4791      0.9377
   3   32   20.2846      0.9883
   3   33   34.3006      0.8987
   3   34   44.2678      0.6933
   3   35   36.7936      0.7448
   3   36   39.3015      0.8905
   3   37   30.9491      0.9156
   3   38   31.3897      0.8788
   3   39   20.5810      0.9562
   3   40   24.5690      0.4853
   4    5   18.9597      1.0261
   4    6   31.1900      0.8165
   4    7   21.4593      0.9798
   4    8   28.1353      0.9618
   4    9   27.3722      0.9646
   4   10   20.0922      0.9873
   4   11   30.5800      0.9348
   4   12   26.9507      0.9374
   4   13   19.2513      0.9671
   4   14   10.6668      1.1090
   4   15   18.8879      0.9309
   4   16   26.0282      0.5418
   4   17   31.3633      0.2300
   4   18   35.8838      0.1298
   4   19   38.2752      0.0434
   4   20   40.9740      0.0239
   4   21   34.5812      0.3685
   4   22   32.0546      0.9378
   4   23   21.3299      0.9881
   4   24   35.8543      0.8309
   4   25   25.3920      0.9347
   4   26   25.6859      0.8617
   4   27   32.2577      0.7427
   4   28   37.3597      0.2512
   4   29   34.7078      0.6642
   4   30   36.5398      0.9012
   4   31   29.6835      0.9101
   4   32   17.9680      0.9024
   4   33   15.4956      0.9079
   4   34   27.1821      0.7671
   4   35   21.7844      0.9792
   4   36   20.4140      0.8953
   4   37   15.5713      1.0465
   4   38   12.6872      1.0166
   4   39   10.5015      1.0944
   4   40   20.2755      0.6521
   5    6   12.9987      0.9432
   5    7   10.4598      0.8537
   5    8   15.7139      1.0526
   5    9   17.1416      0.9389
   5   10   16.4400      0.9898
   5   11   22.1180      1.0118
   5   12   22.6697      0.9861
   5   13   17.4543      1.0131
   5   14   16.8270      1.0290
   5   15   25.4018      0.9005
   5   16   32.1294      0.2856
   5   17   34.8678      0.0715
   5   18   39.4487      0.0669
   5   19   42.2308      0.0645
   5   20   45.5457      0.0441
   5   21   16.3085      0.3619
   5   22   16.4797      0.8935
   5   23   12.2102      0.9593
   5   24   21.4947      0.7856
   5   25   17.3312      0.9286
   5   26   23.3048      0.9247
   5   27   24.0021      0.8429
   5   28   30.2582      0.4550
   5   29   28.1032      0.8070
   5   30   25.6483      0.8884
   5   31   19.3525      0.9241
   5   32   21.4260      0.9800
   5   33   32.6853      0.8625
   5   34   44.0363      0.7376
   5   35   37.1087      0.8247
   5   36   38.2129      0.8784
   5   37   30.6829      0.9365
   5   38   29.9598      0.8825
   5   39   20.7900      0.9571
   5   40   27.2261      0.5935
   6    7   12.9486      0.8680
   6    8   17.1029      0.8581
   6    9   15.5398      0.8536
   6   10   21.4704      0.8999
   6   11   26.2082      0.8125
   6   12   26.2952      0.8654
   6   13   27.3212      0.9530
   6   14   26.9348      0.8331
   6   15   31.8248      0.6498
   6   16   36.9763      0.1848
   6   17   37.8700      0.0494
   6   18   41.8973      0.0439
   6   19   44.5373      0.0496
   6   20   47.7585      0.0404
   6   21   10.4875      0.5645
   6   22   15.9320      0.7168
   6   23   19.9766      0.7825
   6   24   22.4843      0.5375
   6   25   25.3451      0.7442
   6   26   32.3242      0.7682
   6   27   27.4220      0.6723
   6   28   31.5399      0.3973
   6   29   31.6958      0.6175
   6   30   28.2176      0.6840
   6   31   22.7883      0.7320
   6   32   32.3564      0.7900
   6   33   45.0737      0.6719
   6   34   56.8843      0.6300
   6   35   50.0369      0.7435
   6   36   50.9869      0.7256
   6   37   43.4152      0.7876
   6   38   42.6823      0.7520
   6   39   33.6268      0.8191
   6   40   39.2489      0.4985
   7    8   17.9955      0.9454
   7    9    9.4264      0.9674
   7   10   11.8718      1.0802
   7   11   27.0086      0.8737
   7   12   20.9861      0.9949
   7   13   23.8012      0.9093
   7   14   16.5923      1.0253
   7   15   18.9943      0.8093
   7   16   24.5979      0.2119
   7   17   26.5824      0.0597
   7   18   31.1338      0.0561
   7   19   33.9327      0.0592
   7   20   37.0859      0.0428
   7   21   21.0025      0.3707
   7   22   22.6007      0.6280
   7   23   19.0385      0.7685
   7   24   29.9144      0.5564
   7   25   27.0155      0.7026
   7   26   31.8297      0.7484
   7   27   29.1781      0.6429
   7   28   32.2094      0.3302
   7   29   32.9455      0.6135
   7   30   33.2932      0.6625
   7   31   25.1872      0.7040
   7   32   28.1351      0.8034
   7   33   35.8679      0.7485
   7   34   48.4207      0.6747
   7   35   42.4600      0.8174
   7   36   41.8295      0.7756
   7   37   35.6804      0.8639
   7   38   33.7096      0.8313
   7   39   27.2457      0.8533
   7   40   35.1790      0.6316
   8    9   15.3981      1.0932
   8   10   15.2012      1.0927
   8   11   10.3969      0.9703
   8   12   12.6170      1.1162
   8   13   15.6201      1.0660
   8   14   20.4549      1.0400
   8   15   29.9986      0.9763
   8   16   34.7723      0.2682
   8   17   34.9910      0.0589
   8   18   38.4622      0.0510
   8   19   41.3440      0.0638
   8   20   45.6339      0.0638
   8   21   23.0688      0.4067
   8   22   27.7151      0.8381
   8   23   27.4550      0.9761
   8   24   30.0389      0.6468
   8   25   28.9886      0.8974
   8   26   36.4454      0.9029
   8   27   38.5829      0.8758
   8   28   44.9637      0.4962
   8   29   42.8995      0.8379
   8   30   37.5616      0.8135
   8   31   33.5803      0.9175
   8   32   35.4163      0.9484
   8   33   43.0610      0.8508
   8   34   52.5192      0.7453
   8   35   43.4137      0.7263
   8   36   46.1339      0.8117
   8   37   40.9220      0.9048
   8   38   36.5326      0.8191
   8   39   31.2712      0.9061
   8   40   37.9014      0.5163
   9   10    9.6766      1.1418
   9   11   25.1739      0.9960
   9   12   15.7540      1.0150
   9   13   25.5138      1.0091
   9   14   19.1686      0.9917
   9   15   20.4166      0.8857
   9   16   23.8703      0.1782
   9   17   23.4642      0.0457
   9   18   27.2160      0.0420
   9   19   30.1559      0.0533
   9   20   33.9655      0.0491
   9   21   25.5041      0.4398
   9   22   29.4187      0.6421
   9   23   27.7676      0.8095
   9   24   35.9097      0.5748
   9   25   34.3880      0.7955
   9   26   40.1417      0.8282
   9   27   37.9430      0.6455
   9   28   40.8737      0.3280
   9   29   41.8746      0.6071
   9   30   40.9158      0.6897
   9   31   33.6698      0.7161
   9   32   36.7310      0.8596
   9   33   42.5313      0.7471
   9   34   54.3875      0.7030
   9   35   47.5100      0.8062
   9   36   47.3314      0.7518
   9   37   42.5100      0.9033
   9   38   38.5173      0.8097
   9   39   34.1343      0.9086
   9   40   42.4927      0.6406
  10   11   22.1535      1.0275
  10   12   10.7810      1.1303
  10   13   19.1567      1.0229
  10   14   10.3131      0.9629
  10   15   15.0240      0.9187
  10   16   19.7073      0.2740
  10   17   20.8264      0.0670
  10   18   24.9615      0.0612
  10   19   28.0716      0.0650
  10   20   32.2184      0.0544
  10   21   29.8129      0.4177
  10   22   32.1434      0.8011
  10   23   27.2714      0.9115
  10   24   37.4863      0.6828
  10   25   32.8392      0.8781
  10   26   37.7023      0.8784
  10   27   39.0117      0.7411
  10   28   43.0743      0.3230
  10   29   42.7501      0.7000
  10   30   42.0187      0.8402
  10   31   34.8510      0.8461
  10   32   32.9967      0.9073
  10   33   35.3088      0.7755
  10   34   46.2931      0.7270
  10   35   39.0827      0.8046
  10   36   39.0133      0.7638
  10   37   35.4346      0.9254
  10   38   29.9519      0.8314
  10   39   27.8692      0.9301
  10   40   36.9704      0.6194
  11   12   16.1304      1.0424
  11   13   12.5011      1.1290
  11   14   23.9716      1.0119
  11   15   36.0958      0.9436
  11   16   40.9741      0.3455
  11   17   41.4988      0.0754
  11   18   44.6764      0.0590
  11   19   47.4487      0.0594
  11   20   51.9115      0.0579
  11   21   29.5602      0.3092
  11   22   33.3231      0.7570
  11   23   32.3724      0.9727
  11   24   32.8510      0.5625
  11   25   30.6535      0.8765
  11   26   37.9409      0.8656
  11   27   43.6166      0.8806
  11   28   51.4510      0.5581
  11   29   47.7807      0.8480
  11   30   40.8392      0.7260
  11   31   38.6989      0.8893
  11   32   37.6576      0.9376
  11   33   43.9418      0.8316
  11   34   50.9875      0.6402
  11   35   40.6737      0.6017
  11   36   45.1829      0.7184
  11   37   40.8521      0.8194
  11   38   35.6449      0.7461
  11   39   31.7374      0.8663
  11   40   37.0669      0.4387
  12   13   17.9529      0.9306
  12   14   16.6497      1.0060
  12   15   23.8742      0.8587
  12   16   26.9432      0.3041
  12   17   26.3694      0.0736
  12   18   29.1478      0.0557
  12   19   32.0637      0.0604
  12   20   36.7875      0.0644
  12   21   34.1051      0.4237
  12   22   37.8269      0.8401
  12   23   34.5379      0.9457
  12   24   41.2209      0.6596
  12   25   37.5201      0.8914
  12   26   43.4620      0.8887
  12   27   46.6112      0.8242
  12   28   51.9264      0.3807
  12   29   50.6226      0.7810
  12   30   47.5222      0.8453
  12   31   41.9986      0.9025
  12   32   39.9323      0.9269
  12   33   41.6818      0.7698
  12   34   50.6174      0.7026
  12   35   41.7840      0.6873
  12   36   43.4760      0.7180
  12   37   40.9667      0.8658
  12   38   33.8571      0.7687
  12   39   33.2413      0.8696
  12   40   41.5993      0.4928
  13   14   15.4232      1.0692
  13   15   29.5040      0.9772
  13   16   35.5523      0.4570
  13   17   37.9728      0.1087
  13   18   41.7936      0.0771
  13   19   44.5342      0.0493
  13   20   48.5753      0.0368
  13   21   30.1022      0.3204
  13   22   30.9198      0.8360
  13   23   25.6973      0.9740
  13   24   31.1732      0.6399
  13   25   24.3035      0.9245
  13   26   29.5975      0.8881
  13   27   37.7288      0.9017
  13   28   45.6648      0.4707
  13   29   41.4112      0.8530
  13   30   36.6896      0.8342
  13   31   33.3936      0.9441
  13   32   27.4541      0.9460
  13   33   31.5934      0.8295
  13   34   38.6483      0.6680
  13   35   28.6568      0.6642
  13   36   32.8311      0.7522
  13   37   28.4518      0.8204
  13   38   23.3802      0.7777
  13   39   19.8224      0.8586
  13   40   25.9694      0.4355
  14   15   14.2710      0.9663
  14   16   20.7979      0.4913
  14   17   24.5089      0.1439
  14   18   28.8475      0.0985
  14   19   31.5900      0.0487
  14   20   35.1987      0.0321
  14   21   32.8743      0.3712
  14   22   32.9202      0.8936
  14   23   24.8452      0.9596
  14   24   37.2266      0.7600
  14   25   29.3283      0.9114
  14   26   32.4241      0.8742
  14   27   36.9995      0.7683
  14   28   41.9328      0.2901
  14   29   40.2564      0.7116
  14   30   40.3268      0.9053
  14   31   33.3746      0.9028
  14   32   26.3643      0.9349
  14   33   25.5338      0.8329
  14   34   36.0280      0.7637
  14   35   28.9733      0.8551
  14   36   28.7481      0.8171
  14   37   25.6460      0.9757
  14   38   19.6691      0.8993
  14   39   19.1694      0.9661
  14   40   28.7553      0.5818
  15   16    7.8654      0.4903
  15   17   13.7062      0.2801
  15   18   18.4506      0.1632
  15   19   21.0250      0.0629
  15   20   23.7349      0.0342
  15   21   39.5504      0.3467
  15   22   39.6139      0.6536
  15   23   31.6823      0.7345
  15   24   46.3322      0.6484
  15   25   39.3920      0.7808
  15   26   41.2982      0.7255
  15   27   41.8956      0.5114
  15   28   43.4377      0.1955
  15   29   44.5906      0.4753
  15   30   48.0155      0.6832
  15   31   39.1283      0.6226
  15   32   33.8806      0.7361
  15   33   30.1267      0.6028
  15   34   41.9691      0.5104
  15   35   38.0130      0.6659
  15   36   34.5706      0.5633
  15   37   32.9712      0.7692
  15   38   27.9472      0.6922
  15   39   29.1989      0.8536
  15   40   38.8559      0.6140
  16   17    7.4985      0.7282
  16   18   12.1544      0.2743
  16   19   15.0406      0.0955
  16   20   17.7765      0.0455
  16   21   45.4661      0.1491
  16   22   46.1310      0.2072
  16   23   38.8270      0.2992
  16   24   53.1483      0.2420
  16   25   46.7276      0.3624
  16   26   48.7225      0.4049
  16   27   48.6663      0.2276
  16   28   49.3915      0.1198
  16   29   51.2895      0.2262
  16   30   55.0247      0.2634
  16   31   45.9727      0.2406
  16   32   41.2359      0.4522
  16   33   36.0230      0.2985
  16   34   47.1575      0.2116
  16   35   43.6707      0.2789
  16   36   39.7609      0.2297
  16   37   39.4401      0.3888
  16   38   33.7308      0.3079
  16   39   36.4132      0.5128
  16   40   46.0620      0.3953
  17   18    6.5091      0.8044
  17   19   11.0679      0.3715
  17   20   15.1947      0.1124
  17   21   47.1367      0.0491
  17   22   48.8511      0.0597
  17   23   42.8077      0.0884
  17   24   55.9008      0.0640
  17   25   50.5722      0.0940
  17   26   53.4110      0.1235
  17   27   52.7773      0.0813
  17   28   53.4855      0.0643
  17   29   55.6614      0.0870
  17   30   58.6217      0.0751
  17   31   49.7606      0.0765
  17   32   46.4977      0.1637
  17   33   42.2518      0.2124
  17   34   53.0685      0.1530
  17   35   48.9026      0.1836
  17   36   45.5880      0.1629
  17   37   45.3150      0.2357
  17   38   39.0598      0.2024
  17   39   41.5722      0.1972
  17   40   51.2608      0.1697
  18   19    6.1066      0.7628
  18   20   11.4927      0.3198
  18   21   51.3592      0.0460
  18   22   53.3869      0.0551
  18   23   47.6131      0.0802
  18   24   60.4053      0.0589
  18   25   55.2674      0.0828
  18   26   58.1910      0.1021
  18   27   57.5349      0.0715
  18   28   58.0641      0.0559
  18   29   60.4170      0.0750
  18   30   63.3216      0.0682
  18   31   54.5056      0.0693
  18   32   51.2759      0.1251
  18   33   46.3501      0.1136
  18   34   56.6652      0.0795
  18   35   52.5627      0.0832
  18   36   49.2139      0.0823
  18   37   49.5565      0.1180
  18   38   42.8785      0.0925
  18   39   46.0932      0.1204
  18   40   55.7742      0.1069
  19   20    7.0473      0.7160
  19   21   53.9394      0.0526
  19   22   55.9151      0.0556
  19   23   50.1305      0.0619
  19   24   63.0075      0.0592
  19   25   57.8599      0.0602
  19   26   60.6217      0.0561
  19   27   59.8237      0.0549
  19   28   60.0628      0.0433
  19   29   62.6153      0.0540
  19   30   65.7800      0.0586
  19   31   56.9066      0.0575
  19   32   53.6084      0.0537
  19   33   48.2069      0.0332
  19   34   58.3338      0.0253
  19   35   54.5262      0.0260
  19   36   50.9570      0.0257
  19   37   51.6029      0.0344
  19   38   44.9221      0.0283
  19   39   48.4745      0.0430
  19   40   58.1009      0.0402
  20   21   56.9823      0.0411
  20   22   58.6376      0.0382
  20   23   52.6809      0.0358
  20   24   66.0191      0.0405
  20   25   60.7803      0.0357
  20   26   63.1015      0.0300
  20   27   61.8017      0.0320
  20   28   61.3719      0.0272
  20   29   64.3657      0.0304
  20   30   68.2836      0.0357
  20   31   59.1778      0.0343
  20   32   55.8470      0.0272
  20   33   49.8944      0.0170
  20   34   60.0299      0.0138
  20   35   57.0037      0.0151
  20   36   52.8369      0.0142
  20   37   53.6955      0.0181
  20   38   47.4615      0.0164
  20   39   51.1557      0.0235
  20   40   60.6595      0.0222
  21   22    8.3409      0.6960
  21   23   17.6825      0.4414
  21   24   13.3682      0.6363
  21   25   20.1684      0.5214
  21   26   27.4844      0.5362
  21   27   21.8344      0.5514
  21   28   27.6438      0.3230
  21   29   26.0946      0.5276
  21   30   19.7414      0.7922
  21   31   17.2627      0.5591
  21   32   30.3401      0.4616
  21   33   46.5630      0.3748
  21   34   57.5832      0.3335
  21   35   50.9586      0.3449
  21   36   52.6934      0.3686
  21   37   43.8376      0.3964
  21   38   45.1198      0.3534
  21   39   33.9232      0.3892
  21   40   37.0665      0.2667
  22   23   11.9408      0.9587
  22   24    9.7292      1.0544
  22   25   14.6893      0.9785
  22   26   20.5935      0.9192
  22   27   13.8176      0.8894
  22   28   21.0041      0.5983
  22   29   18.1094      0.8411
  22   30   12.4509      0.9178
  22   31    9.2401      0.9497
  22   32   24.1398      0.9761
  22   33   41.9962      0.8465
  22   34   52.9151      0.6348
  22   35   47.3562      0.7132
  22   36   48.6963      0.8780
  22   37   39.1067      0.8927
  22   38   42.1737      0.8563
  22   39   29.8657      0.9285
  22   40   31.7620      0.3881
  23   24   17.2415      0.9480
  23   25   10.8217      1.0566
  23   26   13.7289      1.0059
  23   27   12.5469      0.8677
  23   28   20.1532      0.5187
  23   29   16.3286      0.8409
  23   30   16.4426      0.9234
  23   31    8.6790      0.9599
  23   32   13.2450      1.0671
  23   33   30.1871      0.8573
  23   34   41.6129      0.6674
  23   35   36.8785      0.8155
  23   36   37.2725      0.9005
  23   37   27.7124      0.9287
  23   38   31.3393      0.9084
  23   39   19.0638      0.9922
  23   40   22.2306      0.4732
  24   25   12.6984      0.8826
  24   26   19.5283      0.8201
  24   27   18.1933      0.8892
  24   28   27.3975      0.5894
  24   29   21.7579      0.8799
  24   30   10.0245      1.1192
  24   31   14.5815      0.9976
  24   32   26.0364      0.8908
  24   33   44.6188      0.7643
  24   34   53.6440      0.5187
  24   35   47.3272      0.5175
  24   36   50.2396      0.7170
  24   37   40.4900      0.7555
  24   38   43.9093      0.6853
  24   39   31.2412      0.7787
  24   40   30.7743      0.3111
  25   26    8.8044      0.9317
  25   27   16.5929      0.9922
  25   28   26.8438      0.7663
  25   29   19.7764      0.9347
  25   30   13.3553      1.0447
  25   31   13.3058      0.9998
  25   32   14.3035      1.0024
  25   33   32.3721      0.8445
  25   34   40.9827      0.5665
  25   35   35.0313      0.6125
  25   36   37.7724      0.8056
  25   37   27.9189      0.8474
  25   38   32.0638      0.8042
  25   39   19.0521      0.9153
  25   40   18.2545      0.3518
  26   27   15.6950      0.9847
  26   28   25.2224      0.6211
  26   29   17.0938      0.7839
  26   30   15.3872      0.7979
  26   31   14.9763      0.9905
  26   32    9.3706      1.0636
  26   33   28.3359      0.7527
  26   34   36.2864      0.5082
  26   35   32.4375      0.5656
  26   36   34.2703      0.7310
  26   37   23.8415      0.7689
  26   38   30.6972      0.7574
  26   39   17.6558      0.8693
  26   40   13.9120      0.3115
  27   28   10.7084      0.8967
  27   29    4.4859      0.9415
  27   30   10.9885      0.8038
  27   31    5.1557      0.9448
  27   32   18.7738      0.8829
  27   33   37.4417      0.6195
  27   34   48.2004      0.4993
  27   35   45.4327      0.6498
  27   36   45.2714      0.6826
  27   37   35.0432      0.7114
  27   38   41.2339      0.7415
  27   39   28.5304      0.8239
  27   40   28.3466      0.3449
  28   29    9.4000      0.8979
  28   30   20.4985      0.6194
  28   31   14.2882      0.8032
  28   32   25.8777      0.3468
  28   33   41.7841      0.1941
  28   34   53.4615      0.1930
  28   35   52.1925      0.2548
  28   36   50.4407      0.2098
  28   37   40.8261      0.2352
  28   38   47.1406      0.2450
  28   39   35.6339      0.3129
  28   40   36.4855      0.2359
  29   30   13.2494      0.8200
  29   31    9.5760      0.8972
  29   32   20.0818      0.7372
  29   33   38.2431      0.5140
  29   34   48.6377      0.4081
  29   35   46.8099      0.5331
  29   36   46.2545      0.5504
  29   37   36.0157      0.5748
  29   38   43.0856      0.6263
  29   39   30.5871      0.7019
  29   40   29.5578      0.2975
  30   31   10.1437      0.9345
  30   32   22.6890      0.8998
  30   33   42.4511      0.7524
  30   34   51.5146      0.5113
  30   35   47.1353      0.5882
  30   36   48.9827      0.7671
  30   37   38.6016      0.7805
  30   38   44.2635      0.8030
  30   39   30.9683      0.8603
  30   40   28.9543      0.2876
  31   32   18.0049      1.0087
  31   33   36.7397      0.7705
  31   34   47.7092      0.5866
  31   35   43.8409      0.7355
  31   36   44.2049      0.8327
  31   37   34.1202      0.8495
  31   38   39.1817      0.8699
  31   39   26.4094      0.9344
  31   40   27.2123      0.3730
  32   33   19.8270      0.9245
  32   34   29.7860      0.6436
  32   35   26.8302      0.8075
  32   36   26.8418      0.9395
  32   37   16.4395      0.9903
  32   38   23.4894      0.9330
  32   39   11.1172      1.0589
  32   40   11.3049      0.5095
  33   34   13.8748      0.7982
  33   35   15.1465      0.9531
  33   36    9.1770      0.9581
  33   37    6.5061      0.9497
  33   38   11.3994      0.9368
  33   39   14.6140      0.9545
  33   40   18.6034      0.4767
  34   35   11.3047      0.8874
  34   36    7.7215      0.9177
  34   37   13.9674      0.7157
  34   38   16.8279      0.8877
  34   39   23.8108      0.7007
  34   40   23.5603      0.2615
  35   36    8.9552      0.9539
  35   37   12.2133      0.9241
  35   38   10.1101      0.9808
  35   39   17.8741      0.8703
  35   40   18.9680      0.2130
  36   37   10.5595      0.9623
  36   38    9.8166      0.9636
  36   39   19.1956      0.9262
  36   40   21.9969      0.2941
  37   38   10.8388      0.9067
  37   39   10.4577      0.9648
  37   40   12.5486      0.4240
  38   39   13.3472      0.9340
  38   40   19.5559      0.2914
  39   40    9.9418      0.7016
